Result: 123 / 4 = 30.750000
Result: 432 / 1 = 432.000000
Result: 111 / 5 = 22.200000
Result: 5 / 444 = 0.011261
