Result: 100 / 1 = 100.000000
Result: 100 / 49 = 2.040816
